# text file for ../bag/data_2017-02-18-11-44-49.bag
# format: time stamp x y z qx qy qz qw
1487389489.511188745 -0.017928332 -0.017245119 0 0 0 0 0
1487389489.511398315 -0.020625137 0.017202353 0 0 0 0 0
1487389489.511512280 -0.021973619 0.006175014 0 0 0 0 0
1487389489.511534691 -0.043252245 0.000023036 0 0 0 0 0
1487389489.511541128 -0.010983090 0.001372886 0 0 0 0 0
1487389489.511707306 -0.015103589 0.001396811 0 0 0 0 0
1487389489.511762857 -0.012131105 -0.039421711 0 0 0 0 0
1487389489.511778355 -0.003429446 0.012356692 0 0 0 0 0
1487389489.511792183 -0.038434844 0.006877311 0 0 0 0 0
1487389489.516239882 -0.019907841 0.012355513 0 0 0 0 0
1487389489.516336679 -0.005484896 -0.000001840 0 0 0 0 0
1487389489.516439915 -0.000686301 0.010294573 0 0 0 0 0
1487389489.516556025 -0.028813684 0.025386071 0 0 0 0 0
1487389489.521121740 -0.017145438 -0.002754235 0 0 0 0 0
1487389489.521188736 -0.003431337 0.005490073 0 0 0 0 0
1487389489.521315813 -0.018528620 0.010979921 0 0 0 0 0
1487389489.521513700 -0.020587351 0.017156128 0 0 0 0 0
1487389489.526016474 -0.025416259 0.010303472 0 0 0 0 0
1487389489.526123285 -0.023354281 0.006175136 0 0 0 0 0
1487389489.556283236 -0.015113192 0.009617498 0 0 0 0 0
1487389489.556310177 -0.004811405 0.010995129 0 0 0 0 0
1487389489.560653687 -0.009619127 0.007552358 0 0 0 0 0
1487389489.560671568 -0.015110101 0.040520739 0 0 0 0 0
1487389489.560764790 -0.012331475 0.000688355 0 0 0 0 0
1487389489.561213493 -0.024716323 0.021285597 0 0 0 0 0
1487389489.565534592 0.000681147 0.010962738 0 0 0 0 0
1487389489.565555811 -0.006864362 0.009610107 0 0 0 0 0
1487389489.565672636 -0.018507022 0.029495239 0 0 0 0 0
1487389489.565854073 -0.009615715 0.019235115 0 0 0 0 0
1487389489.570404291 -0.010987811 0.013741208 0 0 0 0 0
1487389489.570426702 -0.010962268 -0.000680300 0 0 0 0 0
1487389489.597426414 -0.026067486 0.020579111 0 0 0 0 0
1487389489.638574839 -0.006868289 0.020534951 0 0 0 0 0
1487389489.682525635 -0.010986992 0.027469447 0 0 0 0 0
1487389489.720412016 -0.004121598 0.015121736 0 0 0 0 0
1487389489.761272907 -0.009607853 0.002721950 0 0 0 0 0
1487389489.802287579 -0.001374084 -0.008244505 0 0 0 0 0
1487389489.843591452 -0.017863095 0.019240862 0 0 0 0 0
1487389489.884454012 -0.013045771 -0.001362748 0 0 0 0 0
1487389489.884488344 -0.008933084 -0.005497285 0 0 0 0 0
1487389489.925289631 -0.028171729 0.000001842 0 0 0 0 0
1487389489.970521212 0.004123383 -0.003431853 0 0 0 0 0
1487389490.007468224 -0.024048772 -0.002752536 0 0 0 0 0
1487389490.130397320 -0.010994902 0.008933357 0 0 0 0 0
1487389490.171338320 0.027554929 0.031950135 0 0 0 0 0
1487389490.213265419 -0.003391625 0.018551800 0 0 0 0 0
1487389490.253437996 -0.040498905 -0.019219819 0 0 0 0 0
1487389490.294361353 -0.061753385 -0.023332344 0 0 0 0 0
1487389490.294381142 -0.004814072 -0.017864000 0 0 0 0 0
1487389490.335291862 -0.011685269 -0.027479256 0 0 0 0 0
1487389490.376487732 -0.044561885 -0.025365997 0 0 0 0 0
1487389490.421499252 -0.015051241 -0.014365673 0 0 0 0 0
1487389490.458357811 0.023988854 -0.000716813 0 0 0 0 0
1487389490.499494314 0.000887145 -0.058122329 0 0 0 0 0
1487389490.540452957 -0.005466958 -0.072094239 0 0 0 0 0
1487389490.581933737 0.032945909 -0.016458364 0 0 0 0 0
1487389490.622244596 0.052392997 -0.020666143 0 0 0 0 0
1487389490.663248301 0.118809626 -0.004112571 0 0 0 0 0
1487389490.704299927 0.076235108 0.004072384 0 0 0 0 0
1487389490.708652735 0.130517125 -0.001374312 0 0 0 0 0
1487389490.745388746 0.168883696 -0.014413451 0 0 0 0 0
1487389490.786412001 0.215253189 -0.011766985 0 0 0 0 0
1487389490.827238083 0.236126617 0.004134242 0 0 0 0 0
1487389490.872467756 0.242303729 0.007300714 0 0 0 0 0
1487389490.909309626 0.266283691 -0.015245167 0 0 0 0 0
1487389490.950166941 0.260618508 0.014581787 0 0 0 0 0
1487389490.991242886 0.349440634 0.003119471 0 0 0 0 0
1487389491.032428265 0.275690109 -0.013724826 0 0 0 0 0
1487389491.073318243 0.314901292 0.004796409 0 0 0 0 0
1487389491.114346027 0.482642233 0.007974016 0 0 0 0 0
1487389491.155573606 0.339938700 0.003050058 0 0 0 0 0
1487389491.196342707 0.540884554 0.037165731 0 0 0 0 0
1487389491.237548113 0.432884067 0.017784316 0 0 0 0 0
1487389491.237579584 0.376159757 0.002036734 0 0 0 0 0
1487389491.278391600 0.495405287 -0.029232144 0 0 0 0 0
1487389491.325878620 0.457209200 -0.011775997 0 0 0 0 0
1487389491.360255241 0.377693295 0.005111533 0 0 0 0 0
1487389491.401478052 0.569294810 0.036445923 0 0 0 0 0
1487389491.442878246 0.527333617 0.062528685 0 0 0 0 0
1487389491.483414173 0.353881657 0.066710807 0 0 0 0 0
1487389491.524352074 0.500455618 0.002707920 0 0 0 0 0
1487389491.566408634 0.450743377 -0.009153379 0 0 0 0 0
1487389491.606420994 0.403040349 0.004246676 0 0 0 0 0
1487389491.650022984 0.411052793 0.006215940 0 0 0 0 0
1487389491.650057793 0.444923639 -0.022530731 0 0 0 0 0
1487389491.688275099 0.348198444 -0.024843970 0 0 0 0 0
1487389491.729331493 0.455162585 0.023361456 0 0 0 0 0
1487389491.774535894 0.343396306 -0.001508918 0 0 0 0 0
1487389491.811431170 0.359952599 0.064407080 0 0 0 0 0
1487389491.852644444 0.349388033 -0.011158416 0 0 0 0 0
1487389491.893496990 0.349056333 -0.001819066 0 0 0 0 0
1487389491.934159517 0.363578171 -0.013645408 0 0 0 0 0
1487389491.975553036 0.359655201 -0.031070301 0 0 0 0 0
1487389492.016448736 0.338094711 -0.036995113 0 0 0 0 0
1487389492.016498089 0.418495119 -0.024377931 0 0 0 0 0
1487389492.062091112 0.444278896 0.003546570 0 0 0 0 0
1487389492.098464251 0.416121155 0.045605071 0 0 0 0 0
1487389492.139290571 0.401622772 -0.005810657 0 0 0 0 0
1487389492.180356026 0.351527601 0.008535383 0 0 0 0 0
1487389492.225551367 0.402272522 0.008259013 0 0 0 0 0
1487389492.262344360 0.376860589 0.083159886 0 0 0 0 0
1487389492.303307533 0.285302907 -0.051956248 0 0 0 0 0
1487389492.344674349 0.396422803 0.030348027 0 0 0 0 0
1487389492.385335922 0.355179995 -0.031946275 0 0 0 0 0
1487389492.426333427 0.480899513 0.028315742 0 0 0 0 0
1487389492.426373005 0.341904730 -0.033886522 0 0 0 0 0
1487389492.467515469 0.378794938 -0.062181205 0 0 0 0 0
1487389492.549453974 0.417494863 -0.073565409 0 0 0 0 0
1487389492.549493551 0.420044720 -0.054114394 0 0 0 0 0
1487389492.590425730 0.381287664 0.017780054 0 0 0 0 0
1487389492.631376505 0.356910169 -0.034544166 0 0 0 0 0
1487389492.676465750 0.379274040 0.016875306 0 0 0 0 0
1487389492.713119030 0.397217214 -0.079340346 0 0 0 0 0
1487389492.754464626 0.419760287 0.028486460 0 0 0 0 0
1487389492.795569897 0.324234009 -0.031091001 0 0 0 0 0
1487389492.836323023 0.351395071 -0.049031835 0 0 0 0 0
1487389492.836362600 0.358817697 -0.044941366 0 0 0 0 0
1487389492.877620697 0.403115183 -0.003602069 0 0 0 0 0
1487389492.918295383 0.327304989 -0.061426334 0 0 0 0 0
1487389492.963451147 0.416253030 -0.041462518 0 0 0 0 0
1487389493.000425577 0.456859291 0.002034504 0 0 0 0 0
1487389493.041395903 0.421042681 0.007243627 0 0 0 0 0
1487389493.082433462 0.330360293 0.043972909 0 0 0 0 0
1487389493.127513647 0.316359341 0.022162598 0 0 0 0 0
1487389493.164227247 0.313437968 0.010332050 0 0 0 0 0
1487389493.205481052 0.302139610 -0.009866790 0 0 0 0 0
1487389493.246377945 0.323822737 0.087541960 0 0 0 0 0
1487389493.250537395 0.346677929 0.131654024 0 0 0 0 0
1487389493.287147760 0.379803479 0.125869557 0 0 0 0 0
1487389493.328212261 0.329612136 0.161237150 0 0 0 0 0
1487389493.369464159 0.315450251 0.147143915 0 0 0 0 0
1487389493.414399147 0.282694757 0.148825750 0 0 0 0 0
1487389493.451255322 0.258499354 0.156967193 0 0 0 0 0
1487389493.492401123 0.170316547 0.257245839 0 0 0 0 0
1487389493.533579111 0.185542747 0.265524805 0 0 0 0 0
1487389493.617258310 0.121872783 0.311221153 0 0 0 0 0
1487389493.617527008 0.207483619 0.280195415 0 0 0 0 0
1487389493.656356812 0.069729149 0.239583686 0 0 0 0 0
1487389493.656444073 0.111044958 0.334317327 0 0 0 0 0
1487389493.701728821 0.097520627 0.291252464 0 0 0 0 0
1487389493.738352537 0.063638709 0.269181758 0 0 0 0 0
1487389493.779396296 0.075279355 0.213012248 0 0 0 0 0
1487389493.820228577 0.108963870 0.260314167 0 0 0 0 0
1487389493.865483284 -0.060107112 0.343682289 0 0 0 0 0
1487389493.902444124 -0.003355965 0.268027455 0 0 0 0 0
1487389493.943485975 0.076948807 0.311648488 0 0 0 0 0
1487389493.984518290 0.126916245 0.342699945 0 0 0 0 0
1487389494.028190613 0.035756834 0.395687163 0 0 0 0 0
1487389494.028236628 0.023164874 0.389053196 0 0 0 0 0
1487389494.066234827 0.076905146 0.360999078 0 0 0 0 0
1487389494.107759953 0.061667453 0.347845107 0 0 0 0 0
1487389494.152569771 0.043125857 0.501915336 0 0 0 0 0
1487389494.189260244 -0.028635288 0.408982277 0 0 0 0 0
1487389494.230436802 -0.007107347 0.415142357 0 0 0 0 0
1487389494.271232843 -0.053878896 0.513545752 0 0 0 0 0
1487389494.316693068 0.031620525 0.604743481 0 0 0 0 0
1487389494.353361368 0.085069187 0.595044911 0 0 0 0 0
1487389494.394334316 0.087130010 0.467386425 0 0 0 0 0
1487389494.435400486 0.051786423 0.459768236 0 0 0 0 0
1487389494.435430527 0.058682431 0.498190582 0 0 0 0 0
1487389494.476928949 -0.042633638 0.574583530 0 0 0 0 0
1487389494.517468452 0.049710769 0.490565866 0 0 0 0 0
1487389494.558245182 0.018122528 0.469008118 0 0 0 0 0
1487389494.599620819 0.052217424 0.428543419 0 0 0 0 0
1487389494.644407034 0.086215824 0.552391469 0 0 0 0 0
1487389494.681498289 -0.054813676 0.515439689 0 0 0 0 0
1487389494.722424746 -0.020146405 0.579376400 0 0 0 0 0
1487389494.763393402 -0.047855675 0.448009014 0 0 0 0 0
1487389494.804366112 0.147832707 0.491864771 0 0 0 0 0
1487389494.845214844 0.010112708 0.500157833 0 0 0 0 0
1487389494.845257521 -0.051933058 0.448032856 0 0 0 0 0
1487389494.886260509 0.107651219 0.505515397 0 0 0 0 0
1487389494.927288771 0.039142348 0.501054525 0 0 0 0 0
1487389494.968127251 0.066308752 0.624502778 0 0 0 0 0
1487389495.009322405 0.014413685 0.452098042 0 0 0 0 0
1487389495.050395489 0.054249693 0.503528237 0 0 0 0 0
1487389495.091438770 0.042902689 0.470902145 0 0 0 0 0
1487389495.132372856 -0.034598473 0.508606970 0 0 0 0 0
1487389495.173365593 -0.087610088 0.472333819 0 0 0 0 0
1487389495.214316845 -0.040624011 0.452967256 0 0 0 0 0
1487389495.255467892 -0.107955121 0.408916652 0 0 0 0 0
1487389495.255505562 -0.132310852 0.403808683 0 0 0 0 0
1487389495.296295404 -0.170089573 0.415305555 0 0 0 0 0
1487389495.337147236 -0.083689377 0.410733163 0 0 0 0 0
1487389495.378421068 -0.153759927 0.347458184 0 0 0 0 0
1487389495.419400930 -0.117192134 0.343385696 0 0 0 0 0
1487389495.460356712 -0.279347748 0.345580488 0 0 0 0 0
1487389495.501487970 -0.196738720 0.308936000 0 0 0 0 0
1487389495.543655634 -0.259774506 0.341923505 0 0 0 0 0
1487389495.583065510 -0.238341495 0.320581466 0 0 0 0 0
1487389495.624267101 -0.251685083 0.223324463 0 0 0 0 0
1487389495.665318727 -0.359001607 0.261088848 0 0 0 0 0
1487389495.669692039 -0.284682810 0.224406719 0 0 0 0 0
1487389495.706526518 -0.232582480 0.253591120 0 0 0 0 0
1487389495.747401953 -0.216007188 0.237910002 0 0 0 0 0
1487389495.788469791 -0.284410685 0.219542548 0 0 0 0 0
1487389495.829232931 -0.278648317 0.164283901 0 0 0 0 0
1487389495.870391846 -0.352749258 0.171714380 0 0 0 0 0
1487389495.911299706 -0.351925701 0.164246336 0 0 0 0 0
1487389495.952256680 -0.348776430 0.145721227 0 0 0 0 0
1487389495.993447065 -0.366608411 0.170733795 0 0 0 0 0
1487389496.034595251 -0.379928708 0.186370939 0 0 0 0 0
1487389496.075487852 -0.281851530 0.203342170 0 0 0 0 0
1487389496.075523138 -0.384238333 0.179473206 0 0 0 0 0
1487389496.120462179 -0.328624159 0.161544517 0 0 0 0 0
1487389496.157376289 -0.339048982 0.196175501 0 0 0 0 0
1487389496.198271513 -0.346894234 0.167820126 0 0 0 0 0
1487389496.239722729 -0.509169757 0.167877823 0 0 0 0 0
1487389496.280394554 -0.463589191 0.153141081 0 0 0 0 0
1487389496.321283102 -0.384767115 0.120617069 0 0 0 0 0
1487389496.362403631 -0.442491949 0.126363352 0 0 0 0 0
1487389496.403328657 -0.381470501 0.137528256 0 0 0 0 0
1487389496.444270134 -0.431488603 0.166205928 0 0 0 0 0
1487389496.485270262 -0.507710755 0.132249966 0 0 0 0 0
1487389496.526305676 -0.463959873 0.130053133 0 0 0 0 0
1487389496.567245245 -0.537384391 0.135379910 0 0 0 0 0
1487389496.611735821 -0.540494323 0.143960193 0 0 0 0 0
1487389496.611851692 -0.513154209 0.116114914 0 0 0 0 0
1487389496.690465450 -0.597283602 0.131063417 0 0 0 0 0
1487389496.731327772 -0.531080782 0.105255879 0 0 0 0 0
1487389496.731376410 -0.484333992 0.052588366 0 0 0 0 0
1487389496.772451878 -0.533450425 0.137230247 0 0 0 0 0
1487389496.813168764 -0.607771277 0.111585617 0 0 0 0 0
1487389496.858983040 -0.572307587 0.090635397 0 0 0 0 0
1487389496.895289421 -0.459714741 0.059006460 0 0 0 0 0
1487389496.936306477 -0.519398689 0.048247654 0 0 0 0 0
1487389496.977189779 -0.519254446 0.032461558 0 0 0 0 0
1487389497.022414207 -0.467446148 0.034904514 0 0 0 0 0
1487389497.059367895 -0.599012852 0.025933806 0 0 0 0 0
1487389497.100358725 -0.569178224 0.026075045 0 0 0 0 0
1487389497.141463995 -0.593691230 0.082327031 0 0 0 0 0
1487389497.182317019 -0.539290726 0.092884175 0 0 0 0 0
1487389497.223543644 -0.623669386 0.106706761 0 0 0 0 0
1487389497.264522552 -0.627091289 0.106411077 0 0 0 0 0
1487389497.309579372 -0.632665992 0.126647204 0 0 0 0 0
1487389497.346341610 -0.459425867 0.093966670 0 0 0 0 0
1487389497.387277842 -0.541366816 0.033444662 0 0 0 0 0
1487389497.428299189 -0.746251762 0.119658135 0 0 0 0 0
1487389497.511060715 -0.545556247 0.043732442 0 0 0 0 0
1487389497.511098385 -0.590112865 0.066964582 0 0 0 0 0
1487389497.551368713 -0.662528932 0.086207166 0 0 0 0 0
1487389497.592351198 -0.457792342 0.074454360 0 0 0 0 0
1487389497.633497000 -0.506269574 0.067969456 0 0 0 0 0
1487389497.674343586 -0.613011658 0.068183430 0 0 0 0 0
1487389497.715150595 -0.586501002 0.073429897 0 0 0 0 0
1487389497.760519505 -0.654916227 0.086675145 0 0 0 0 0
1487389497.797280073 -0.536667049 0.058805101 0 0 0 0 0
1487389497.838215828 -0.502295732 0.052524567 0 0 0 0 0
1487389497.879488230 -0.504277945 0.092098191 0 0 0 0 0
1487389497.924344063 -0.496305704 0.081058741 0 0 0 0 0
1487389497.961280823 -0.483160913 0.075662680 0 0 0 0 0
1487389498.002702236 -0.477481186 0.031061649 0 0 0 0 0
1487389498.043408155 -0.603484273 0.072934709 0 0 0 0 0
1487389498.084188223 -0.465266556 0.061318774 0 0 0 0 0
1487389498.084223509 -0.571559846 0.107954338 0 0 0 0 0
1487389498.125389814 -0.564265728 0.058754273 0 0 0 0 0
1487389498.166272879 -0.473349094 0.084309183 0 0 0 0 0
1487389498.211635113 -0.635843933 0.065164134 0 0 0 0 0
1487389498.248204470 -0.478511661 0.061666660 0 0 0 0 0
1487389498.289267063 -0.507955611 -0.002711211 0 0 0 0 0
1487389498.330287218 -0.574474692 0.077382922 0 0 0 0 0
1487389498.375494480 -0.467276663 0.061794024 0 0 0 0 0
1487389498.412200928 -0.457172930 -0.007986260 0 0 0 0 0
1487389498.453275919 -0.462094307 0.035796002 0 0 0 0 0
1487389498.453316927 -0.449251503 0.039867904 0 0 0 0 0
1487389498.537814140 -0.351479471 0.042893820 0 0 0 0 0
1487389498.537851095 -0.512528777 0.078706093 0 0 0 0 0
1487389498.576412916 -0.473239601 0.035658311 0 0 0 0 0
1487389498.617225647 -0.339231253 -0.010229648 0 0 0 0 0
1487389498.662406206 -0.373508096 -0.019090934 0 0 0 0 0
1487389498.699318409 -0.559468567 0.007832978 0 0 0 0 0
1487389498.740381241 -0.404268444 0.009115624 0 0 0 0 0
1487389498.781343460 -0.372280598 -0.123230919 0 0 0 0 0
1487389498.826396227 -0.527500749 0.017871175 0 0 0 0 0
1487389498.863300085 -0.477091312 -0.058581520 0 0 0 0 0
1487389498.863327026 -0.597393870 -0.018497825 0 0 0 0 0
1487389498.904445648 -0.423176110 -0.101856396 0 0 0 0 0
1487389498.949387550 -0.520963371 -0.107679352 0 0 0 0 0
1487389498.986340523 -0.414964855 -0.131836131 0 0 0 0 0
1487389499.027311325 -0.511928022 -0.187621623 0 0 0 0 0
1487389499.068217278 -0.474336684 -0.157010198 0 0 0 0 0
1487389499.113651752 -0.511989355 -0.319436222 0 0 0 0 0
1487389499.150370598 -0.504185140 -0.254639566 0 0 0 0 0
1487389499.191426516 -0.402433485 -0.289767563 0 0 0 0 0
1487389499.232407808 -0.290775597 -0.355046034 0 0 0 0 0
1487389499.273391247 -0.311473191 -0.346955597 0 0 0 0 0
1487389499.277530193 -0.313854545 -0.395901620 0 0 0 0 0
1487389499.314424276 -0.190718353 -0.364996374 0 0 0 0 0
1487389499.355215311 -0.134451300 -0.430971950 0 0 0 0 0
1487389499.400470257 -0.061730959 -0.413097858 0 0 0 0 0
1487389499.437050581 -0.073995546 -0.411841810 0 0 0 0 0
1487389499.478639603 -0.195511058 -0.486235201 0 0 0 0 0
1487389499.519413948 0.120601580 -0.399778605 0 0 0 0 0
1487389499.564394236 0.040093273 -0.370081753 0 0 0 0 0
1487389499.601288319 -0.078003585 -0.487013102 0 0 0 0 0
1487389499.642392159 -0.043333065 -0.434187710 0 0 0 0 0
1487389499.683428526 0.001611462 -0.473405778 0 0 0 0 0
1487389499.724810362 -0.117672443 -0.461404949 0 0 0 0 0
1487389499.765430212 0.110678650 -0.445372432 0 0 0 0 0
1487389499.806345463 -0.041282039 -0.482479483 0 0 0 0 0
1487389499.847433329 -0.039069664 -0.465819120 0 0 0 0 0
1487389499.888327122 0.073364809 -0.454935133 0 0 0 0 0
1487389499.929233313 -0.175312310 -0.485797077 0 0 0 0 0
1487389499.970135689 0.050716020 -0.519699931 0 0 0 0 0
1487389500.011339426 -0.121185645 -0.451542854 0 0 0 0 0
1487389500.052402973 -0.028748816 -0.453236282 0 0 0 0 0
1487389500.093224764 -0.004514358 -0.456547558 0 0 0 0 0
1487389500.134364843 0.000623678 -0.440595299 0 0 0 0 0
1487389500.134554148 0.009055965 -0.449083477 0 0 0 0 0
1487389500.178383827 0.021800760 -0.442491770 0 0 0 0 0
1487389500.216226339 -0.050958954 -0.477647305 0 0 0 0 0
1487389500.257494450 -0.034427106 -0.554815412 0 0 0 0 0
1487389500.302443743 -0.025008267 -0.505902231 0 0 0 0 0
1487389500.339329720 -0.072614461 -0.538335979 0 0 0 0 0
1487389500.380415916 -0.000731945 -0.581245542 0 0 0 0 0
1487389500.421288013 -0.070494860 -0.583437145 0 0 0 0 0
1487389500.505327702 -0.095123284 -0.507195890 0 0 0 0 0
1487389500.505369663 0.016589766 -0.543913543 0 0 0 0 0
1487389500.544356585 -0.084015384 -0.664067745 0 0 0 0 0
1487389500.585304260 0.076217741 -0.640838325 0 0 0 0 0
1487389500.627408981 -0.082093760 -0.616222262 0 0 0 0 0
1487389500.667259693 0.051613308 -0.531164765 0 0 0 0 0
1487389500.749298573 -0.023884377 -0.615986705 0 0 0 0 0
1487389500.790260553 0.028687954 -0.594742656 0 0 0 0 0
1487389500.831366777 0.059297152 -0.582723796 0 0 0 0 0
1487389500.872251272 -0.011447566 -0.604911864 0 0 0 0 0
1487389500.917534828 0.071890548 -0.536879718 0 0 0 0 0
1487389500.954286814 0.052537393 -0.522959948 0 0 0 0 0
1487389500.995367527 0.090394154 -0.523982704 0 0 0 0 0
1487389501.036245823 0.114483356 -0.618959069 0 0 0 0 0
1487389501.077279329 0.009963417 -0.608415961 0 0 0 0 0
1487389501.118251324 -0.034436561 -0.542089462 0 0 0 0 0
1487389501.159506321 0.049752597 -0.505788147 0 0 0 0 0
1487389501.200264931 0.008111591 -0.587655187 0 0 0 0 0
1487389501.241306067 -0.034327138 -0.506983340 0 0 0 0 0
1487389501.282533169 0.086703770 -0.463854790 0 0 0 0 0
1487389501.323239803 0.044669174 -0.494584560 0 0 0 0 0
1487389501.364282131 -0.001888786 -0.485318094 0 0 0 0 0
1487389501.405345440 0.031288315 -0.464666694 0 0 0 0 0
1487389501.446240902 0.004365982 -0.453970343 0 0 0 0 0
1487389501.487086773 0.011930019 -0.488667786 0 0 0 0 0
1487389501.487108707 0.037492905 -0.470184863 0 0 0 0 0
1487389501.531828642 0.057178747 -0.506426334 0 0 0 0 0
1487389501.569375038 -0.035298508 -0.509962916 0 0 0 0 0
1487389501.610381365 0.057786752 -0.520179689 0 0 0 0 0
1487389501.651616812 0.044463139 -0.517246366 0 0 0 0 0
1487389501.692349434 0.041890688 -0.470921129 0 0 0 0 0
1487389501.733328581 0.077139184 -0.487120330 0 0 0 0 0
1487389501.774230003 0.060336340 -0.409251690 0 0 0 0 0
1487389501.815341711 0.090828747 -0.542195678 0 0 0 0 0
1487389501.856842041 0.048093237 -0.460017204 0 0 0 0 0
1487389501.897561789 0.016935362 -0.474654108 0 0 0 0 0
1487389501.897598028 0.029846797 -0.431494296 0 0 0 0 0
1487389501.938473463 0.046368517 -0.450909525 0 0 0 0 0
1487389501.979262829 0.114184514 -0.428223610 0 0 0 0 0
1487389502.020612240 0.085671313 -0.257676303 0 0 0 0 0
1487389502.061347008 0.134337932 -0.232523203 0 0 0 0 0
1487389502.102169514 0.088256672 -0.303194910 0 0 0 0 0
1487389502.143559456 0.049109586 -0.365101874 0 0 0 0 0
1487389502.184370518 0.184692413 -0.330167711 0 0 0 0 0
1487389502.225181103 0.032917388 -0.387270123 0 0 0 0 0
1487389502.266480684 0.101031199 -0.414452404 0 0 0 0 0
1487389502.307408333 0.065011479 -0.507693827 0 0 0 0 0
1487389502.307439804 0.041288070 -0.353893042 0 0 0 0 0
1487389502.348267555 0.160964727 -0.326850951 0 0 0 0 0
1487389502.389370680 -0.012998174 -0.331674755 0 0 0 0 0
1487389502.431171179 0.078572422 -0.325657696 0 0 0 0 0
1487389502.471183777 0.073232390 -0.375544518 0 0 0 0 0
1487389502.512426615 0.015903022 -0.296765715 0 0 0 0 0
1487389502.553528786 0.078981996 -0.364916086 0 0 0 0 0
1487389502.594296694 0.068593204 -0.336573988 0 0 0 0 0
1487389502.635388851 0.098747365 -0.323705763 0 0 0 0 0
1487389502.676390171 0.062850028 -0.338920653 0 0 0 0 0
1487389502.717349291 -0.044656150 -0.340467900 0 0 0 0 0
1487389502.722563267 -0.004084363 -0.329928875 0 0 0 0 0
1487389502.758373260 -0.049900435 -0.360534787 0 0 0 0 0
1487389502.799310207 0.021714445 -0.382028073 0 0 0 0 0
1487389502.840068579 0.050521128 -0.374885738 0 0 0 0 0
1487389502.881753922 0.072466359 -0.354625165 0 0 0 0 0
1487389502.922338963 0.015289441 -0.376817882 0 0 0 0 0
1487389502.963329077 0.083886728 -0.315495133 0 0 0 0 0
1487389503.004173756 0.119685635 -0.309726834 0 0 0 0 0
1487389503.045386076 0.051401429 -0.319819391 0 0 0 0 0
1487389503.086251020 0.057327438 -0.274964333 0 0 0 0 0
1487389503.127332926 0.037693560 -0.199440151 0 0 0 0 0
1487389503.127381802 0.050456077 -0.143144056 0 0 0 0 0
1487389503.172404766 0.103247859 -0.186570495 0 0 0 0 0
1487389503.209263802 0.138663843 -0.092659578 0 0 0 0 0
1487389503.250182152 0.147623092 -0.130485699 0 0 0 0 0
1487389503.291391850 0.214534312 -0.055250991 0 0 0 0 0
1487389503.332397938 0.129308909 -0.015847614 0 0 0 0 0
1487389503.373220444 0.173382059 0.032298993 0 0 0 0 0
1487389503.414289236 0.260473132 0.054964054 0 0 0 0 0
1487389503.455455303 0.187080175 0.169668168 0 0 0 0 0
1487389503.499143839 0.126653403 0.088941678 0 0 0 0 0
1487389503.499168396 0.269821495 0.239931673 0 0 0 0 0
1487389503.537028790 0.199979097 0.186494961 0 0 0 0 0
1487389503.578231573 0.228224546 0.130169123 0 0 0 0 0
1487389503.623531342 0.244074181 0.203723282 0 0 0 0 0
1487389503.660357237 0.326543748 0.255450070 0 0 0 0 0
1487389503.701280594 0.303988218 0.306366742 0 0 0 0 0
1487389503.742779493 0.249005988 0.237103373 0 0 0 0 0
1487389503.783325434 0.331475377 0.298117816 0 0 0 0 0
1487389503.824237347 0.259765595 0.236511499 0 0 0 0 0
1487389503.865060806 0.308231771 0.211680010 0 0 0 0 0
1487389503.906433582 0.324618548 0.201825857 0 0 0 0 0
1487389503.910456896 0.266021311 0.187521756 0 0 0 0 0
1487389503.947240114 0.311995715 0.233225420 0 0 0 0 0
1487389503.988243341 0.299888074 0.271941841 0 0 0 0 0
1487389504.029167175 0.246237129 0.184848502 0 0 0 0 0
1487389504.074311018 0.335069001 0.242139071 0 0 0 0 0
1487389504.111026525 0.354298949 0.233739182 0 0 0 0 0
1487389504.152371168 0.272276282 0.244414717 0 0 0 0 0
1487389504.193199635 0.275720865 0.265975326 0 0 0 0 0
1487389504.234302521 0.377389610 0.309018373 0 0 0 0 0
1487389504.275519848 0.395395905 0.332766593 0 0 0 0 0
1487389504.316282272 0.458698988 0.345439911 0 0 0 0 0
1487389504.316314220 0.364113748 0.347930372 0 0 0 0 0
1487389504.398625374 0.393386275 0.340227038 0 0 0 0 0
1487389504.398662806 0.469369322 0.314196438 0 0 0 0 0
1487389504.439196110 0.346292406 0.228926226 0 0 0 0 0
1487389504.480388165 0.380715668 0.321618557 0 0 0 0 0
1487389504.525528908 0.509116530 0.307410061 0 0 0 0 0
1487389504.562267303 0.461414635 0.311382592 0 0 0 0 0
1487389504.603280783 0.377294034 0.318551034 0 0 0 0 0
1487389504.644436121 0.446029812 0.296242565 0 0 0 0 0
1487389504.685324430 0.392145872 0.267304897 0 0 0 0 0
1487389504.726189613 0.390818238 0.265967548 0 0 0 0 0
1487389504.726224661 0.388945013 0.316480964 0 0 0 0 0
1487389504.767399073 0.285619378 0.361945003 0 0 0 0 0
1487389504.812360525 0.372353256 0.347366989 0 0 0 0 0
1487389504.849268675 0.498560816 0.343161643 0 0 0 0 0
1487389504.890459776 0.499921948 0.356985360 0 0 0 0 0
1487389504.931430101 0.494911849 0.408354461 0 0 0 0 0
1487389504.976632357 0.619971573 0.361355603 0 0 0 0 0
1487389505.013325691 0.331733286 0.320039153 0 0 0 0 0
1487389505.054298162 0.570389152 0.388659924 0 0 0 0 0
1487389505.095297098 0.547337592 0.411119163 0 0 0 0 0
1487389505.136368752 0.476569027 0.407206595 0 0 0 0 0
1487389505.136401176 0.506853104 0.368339241 0 0 0 0 0
1487389505.177276850 0.467714220 0.384247512 0 0 0 0 0
1487389505.218307495 0.458443344 0.393728435 0 0 0 0 0
1487389505.263383865 0.517337441 0.359512389 0 0 0 0 0
1487389505.300313950 0.582030296 0.357637197 0 0 0 0 0
1487389505.341291189 0.484654665 0.354247630 0 0 0 0 0
1487389505.382689714 0.595440745 0.422035754 0 0 0 0 0
1487389505.466593266 0.568414032 0.367743820 0 0 0 0 0
1487389505.466629982 0.476359665 0.395992696 0 0 0 0 0
1487389505.505388260 0.506603599 0.366859823 0 0 0 0 0
1487389505.546319723 0.618822932 0.428479820 0 0 0 0 0
1487389505.550471306 0.415512264 0.374261677 0 0 0 0 0
1487389505.587229013 0.569638908 0.363989204 0 0 0 0 0
1487389505.628178120 0.512529016 0.376054734 0 0 0 0 0
1487389505.669253826 0.453742117 0.285732180 0 0 0 0 0
1487389505.714276552 0.534942031 0.348495930 0 0 0 0 0
1487389505.751378536 0.567450881 0.333555043 0 0 0 0 0
1487389505.792270899 0.444321215 0.347108394 0 0 0 0 0
1487389505.833157301 0.516668856 0.317401677 0 0 0 0 0
1487389505.878398895 0.553832233 0.325569540 0 0 0 0 0
1487389505.915203333 0.328790575 0.307474703 0 0 0 0 0
1487389505.956244230 0.547996342 0.302501202 0 0 0 0 0
1487389505.956277370 0.449671030 0.330570281 0 0 0 0 0
1487389506.001792669 0.413030624 0.206742734 0 0 0 0 0
1487389506.038305998 0.434697151 0.219306469 0 0 0 0 0
1487389506.079264641 0.443632275 0.358011842 0 0 0 0 0
1487389506.120403290 0.577522397 0.278650850 0 0 0 0 0
1487389506.165485859 0.368835121 0.234432623 0 0 0 0 0
1487389506.202258110 0.579746842 0.291393727 0 0 0 0 0
1487389506.243091106 0.445051610 0.198333085 0 0 0 0 0
1487389506.284277439 0.347989410 0.240714997 0 0 0 0 0
1487389506.325332165 0.447875023 0.239702433 0 0 0 0 0
1487389506.366157293 0.492533445 0.205923840 0 0 0 0 0
1487389506.407311201 0.322955310 0.275369376 0 0 0 0 0
1487389506.407352924 0.556034505 0.321440637 0 0 0 0 0
1487389506.452390671 0.337170362 0.227040485 0 0 0 0 0
1487389506.489263535 0.302341521 0.171226814 0 0 0 0 0
1487389506.530302286 0.365682542 0.166937277 0 0 0 0 0
1487389506.571324348 0.446112633 0.223830551 0 0 0 0 0
1487389506.616559744 0.418413639 0.253259867 0 0 0 0 0
1487389506.653280497 0.429549038 0.298788756 0 0 0 0 0
1487389506.694350004 0.486455828 0.327121884 0 0 0 0 0
1487389506.735252619 0.447167158 0.291565835 0 0 0 0 0
1487389506.739454031 0.362837344 0.341155440 0 0 0 0 0
1487389506.776336670 0.412453085 0.239678189 0 0 0 0 0
1487389506.817147493 0.341297686 0.261682838 0 0 0 0 0
1487389506.940108776 0.401184648 0.208281398 0 0 0 0 0
1487389506.981231451 0.256551445 0.235689014 0 0 0 0 0
1487389507.022289515 0.397269964 0.273702651 0 0 0 0 0
1487389507.063275099 0.386052072 0.265799105 0 0 0 0 0
1487389507.104315519 0.435225159 0.331431359 0 0 0 0 0
1487389507.145336628 0.169311211 0.177453607 0 0 0 0 0
1487389507.145365477 0.326937020 0.268407583 0 0 0 0 0
1487389507.186206579 0.329711795 0.216079161 0 0 0 0 0
1487389507.227428436 0.303436041 0.195168555 0 0 0 0 0
1487389507.268486738 0.388852239 0.207197621 0 0 0 0 0
1487389507.309344530 0.291358501 0.201256365 0 0 0 0 0
1487389507.350083828 0.323468149 0.247660160 0 0 0 0 0
1487389507.393122911 0.316644967 0.209743500 0 0 0 0 0
1487389507.432348728 0.260051519 0.192442939 0 0 0 0 0
1487389507.473365068 0.242005393 0.137379393 0 0 0 0 0
1487389507.514442444 0.266435564 0.151440144 0 0 0 0 0
1487389507.555359602 0.254198492 0.179767177 0 0 0 0 0
1487389507.555414915 0.271945089 0.118969157 0 0 0 0 0
1487389507.596260786 0.187411338 0.185022637 0 0 0 0 0
1487389507.637174845 0.119469821 0.152062267 0 0 0 0 0
1487389507.678372860 0.259710848 0.204599783 0 0 0 0 0
1487389507.719145536 0.126798913 0.164568335 0 0 0 0 0
1487389507.760267973 0.133817270 0.149050727 0 0 0 0 0
1487389507.801299572 0.132157594 0.154099286 0 0 0 0 0
1487389507.842212439 0.132583335 0.138822123 0 0 0 0 0
1487389507.883674383 0.080690280 0.117264166 0 0 0 0 0
1487389507.924250841 0.033807684 0.145839721 0 0 0 0 0
1487389507.965320110 0.032442175 0.134461805 0 0 0 0 0
1487389507.969596863 0.014951642 0.114688382 0 0 0 0 0
1487389508.006620407 -0.030123347 0.052561771 0 0 0 0 0
1487389508.047374725 -0.056451254 0.032351475 0 0 0 0 0
1487389508.088341475 -0.029333655 0.000046310 0 0 0 0 0
1487389508.129651546 -0.040808413 0.018590022 0 0 0 0 0
1487389508.170237064 -0.042993560 -0.014429808 0 0 0 0 0
1487389508.211349010 -0.002330686 -0.031011442 0 0 0 0 0
1487389508.252294302 0.027709279 -0.037843935 0 0 0 0 0
1487389508.293189764 0.026113916 -0.002066770 0 0 0 0 0
1487389508.334296703 -0.065299407 0.004821838 0 0 0 0 0
1487389508.375291586 -0.105467238 -0.033657864 0 0 0 0 0
1487389508.375322342 -0.079889655 -0.026028767 0 0 0 0 0
1487389508.461108446 -0.095467582 -0.010302206 0 0 0 0 0
1487389508.461326838 -0.045550857 -0.013703756 0 0 0 0 0
1487389508.498189688 -0.037950467 -0.012424815 0 0 0 0 0
1487389508.539272070 -0.054623377 -0.066962302 0 0 0 0 0
1487389508.580353498 -0.092731036 -0.050248493 0 0 0 0 0
1487389508.621208191 -0.046656225 0.008924852 0 0 0 0 0
1487389508.662321568 -0.044109363 -0.039990202 0 0 0 0 0
1487389508.703341246 -0.074292012 -0.064815350 0 0 0 0 0
1487389508.744422197 -0.123803601 -0.046229009 0 0 0 0 0
1487389508.785590887 -0.058358956 -0.000001024 0 0 0 0 0
1487389508.785631418 -0.050163858 0.013726768 0 0 0 0 0
1487389508.826272488 -0.049454678 -0.022647692 0 0 0 0 0
1487389508.871459484 0.018591546 -0.068913475 0 0 0 0 0
1487389508.908447027 -0.029660380 -0.076565161 0 0 0 0 0
1487389508.949243784 -0.088384822 -0.026387637 0 0 0 0 0
1487389508.990502357 -0.035434999 -0.025989890 0 0 0 0 0
1487389509.031302929 0.002680525 -0.041082405 0 0 0 0 0
1487389509.072189331 -0.104900911 -0.031042794 0 0 0 0 0
1487389509.113576412 -0.026424404 -0.026642185 0 0 0 0 0
1487389509.154227734 -0.121811412 -0.098269925 0 0 0 0 0
1487389509.158523083 -0.195219398 -0.194495603 0 0 0 0 0
1487389509.195227385 -0.071798638 -0.141606420 0 0 0 0 0
1487389509.236386299 -0.057585973 -0.129126862 0 0 0 0 0
1487389509.277287960 -0.116229415 -0.151488259 0 0 0 0 0
1487389509.360419750 -0.114576258 -0.288380086 0 0 0 0 0
1487389509.360471249 -0.133468524 -0.156537414 0 0 0 0 0
1487389509.400413275 -0.118633844 -0.249483198 0 0 0 0 0
1487389509.441211224 -0.089626573 -0.278036982 0 0 0 0 0
1487389509.482339621 -0.184368238 -0.317025870 0 0 0 0 0
1487389509.523248911 -0.115584806 -0.283977211 0 0 0 0 0
1487389509.564221859 -0.053482633 -0.265781134 0 0 0 0 0
1487389509.564254284 -0.087347612 -0.264492869 0 0 0 0 0
1487389509.609423399 0.031678244 -0.364654243 0 0 0 0 0
1487389509.646266460 -0.156663150 -0.407541364 0 0 0 0 0
1487389509.687308311 -0.076124579 -0.321324170 0 0 0 0 0
1487389509.728291035 -0.026908338 -0.346304595 0 0 0 0 0
1487389509.773396015 -0.090823859 -0.329386055 0 0 0 0 0
1487389509.810405970 -0.161255836 -0.426759183 0 0 0 0 0
1487389509.851327658 0.053436082 -0.312283188 0 0 0 0 0
1487389509.892444849 -0.027600566 -0.462426960 0 0 0 0 0
1487389509.933216333 -0.117622040 -0.428515613 0 0 0 0 0
1487389509.974323273 0.000977638 -0.500866294 0 0 0 0 0
1487389509.974599361 -0.124519706 -0.475543499 0 0 0 0 0
1487389510.015261650 -0.066661417 -0.503352225 0 0 0 0 0
1487389510.060401917 -0.104465559 -0.431432903 0 0 0 0 0
1487389510.097185612 -0.046761781 -0.391723990 0 0 0 0 0
1487389510.138224840 -0.003130040 -0.365609556 0 0 0 0 0
1487389510.179232359 -0.019788597 -0.441914141 0 0 0 0 0
1487389510.225025654 -0.010317956 -0.433815539 0 0 0 0 0
1487389510.261436701 0.059166837 -0.464534611 0 0 0 0 0
1487389510.302300692 -0.042398788 -0.469121784 0 0 0 0 0
1487389510.343297720 -0.066570446 -0.363781333 0 0 0 0 0
1487389510.387632370 -0.011856767 -0.457056910 0 0 0 0 0
1487389510.387846470 -0.010838636 -0.476956457 0 0 0 0 0
1487389510.425178528 -0.073527977 -0.522681415 0 0 0 0 0
1487389510.466368437 -0.095737591 -0.472398430 0 0 0 0 0
1487389510.511399269 0.029723037 -0.413148582 0 0 0 0 0
1487389510.548230886 -0.025430512 -0.475253969 0 0 0 0 0
1487389510.589161158 -0.051759016 -0.517906785 0 0 0 0 0
1487389510.630493641 -0.003023630 -0.490262449 0 0 0 0 0
1487389510.675447941 -0.106548682 -0.440787792 0 0 0 0 0
1487389510.712234735 -0.058165751 -0.460257053 0 0 0 0 0
1487389510.753339529 0.032466032 -0.482131571 0 0 0 0 0
1487389510.794498920 -0.097597018 -0.384439886 0 0 0 0 0
1487389510.798628807 -0.004125784 -0.385874599 0 0 0 0 0
1487389510.835261822 0.007175689 -0.373524904 0 0 0 0 0
1487389510.876189470 -0.006849229 -0.402430952 0 0 0 0 0
1487389510.917215824 -0.082023636 -0.384853184 0 0 0 0 0
1487389510.962363482 -0.065266296 -0.424490362 0 0 0 0 0
1487389510.999341726 -0.020674372 -0.384319037 0 0 0 0 0
1487389511.040278912 -0.095649429 -0.386028469 0 0 0 0 0
1487389511.081266403 -0.059924044 -0.420896769 0 0 0 0 0
1487389511.126486063 -0.088603698 -0.425516546 0 0 0 0 0
1487389511.163158894 0.011125213 -0.381801546 0 0 0 0 0
1487389511.204197645 -0.049420349 -0.420366943 0 0 0 0 0
1487389511.245248795 -0.043165516 -0.359876275 0 0 0 0 0
1487389511.286733389 -0.075213388 -0.351164401 0 0 0 0 0
1487389511.287042856 -0.075867191 -0.318614781 0 0 0 0 0
1487389511.327374935 0.012903249 -0.298825443 0 0 0 0 0
1487389511.368305683 -0.051707249 -0.272866547 0 0 0 0 0
1487389511.413342237 -0.059180368 -0.259598672 0 0 0 0 0
1487389511.450332642 -0.004588061 -0.291097373 0 0 0 0 0
1487389511.491714716 -0.020638797 -0.272453606 0 0 0 0 0
1487389511.532460928 -0.022547120 -0.210683614 0 0 0 0 0
1487389511.577369213 -0.049009476 -0.263456374 0 0 0 0 0
1487389511.614079237 -0.046272252 -0.217928216 0 0 0 0 0
1487389511.655303478 -0.001895643 -0.196765423 0 0 0 0 0
1487389511.655335665 -0.038369786 -0.206674859 0 0 0 0 0
1487389511.700284719 -0.046313308 -0.198203444 0 0 0 0 0
1487389511.737172127 0.011910446 -0.137920111 0 0 0 0 0
1487389511.778229475 -0.114225626 -0.186840624 0 0 0 0 0
1487389511.819098473 -0.061343662 -0.136530936 0 0 0 0 0
1487389511.864350557 -0.029282337 -0.174195811 0 0 0 0 0
1487389511.901395798 -0.017619619 -0.151841074 0 0 0 0 0
1487389511.942201853 -0.015104391 -0.171842173 0 0 0 0 0
1487389511.983110666 -0.033895470 -0.179324955 0 0 0 0 0
1487389512.024431705 -0.005557886 -0.139154598 0 0 0 0 0
1487389512.065209627 -0.032336786 -0.098075792 0 0 0 0 0
1487389512.065251350 -0.021793930 -0.132745877 0 0 0 0 0
1487389512.106163263 -0.011357358 -0.121317111 0 0 0 0 0
1487389512.151547432 -0.006292506 -0.106580056 0 0 0 0 0
1487389512.188154221 -0.007118611 -0.169945106 0 0 0 0 0
1487389512.229201794 0.004427944 -0.088369802 0 0 0 0 0
1487389512.270485640 -0.010501882 -0.132560834 0 0 0 0 0
1487389512.354725599 0.009053846 -0.128772229 0 0 0 0 0
1487389512.354757071 0.005741299 -0.065127954 0 0 0 0 0
1487389512.393287659 0.002877946 -0.113662407 0 0 0 0 0
1487389512.434300900 -0.013828337 -0.105598070 0 0 0 0 0
1487389512.475064278 -0.016655231 -0.131998628 0 0 0 0 0
1487389512.475090504 -0.025320932 -0.160001531 0 0 0 0 0
1487389512.516502142 -0.067771800 -0.177951261 0 0 0 0 0
1487389512.557264090 -0.041513517 -0.170980304 0 0 0 0 0
1487389512.602361679 -0.053290479 -0.111679651 0 0 0 0 0
1487389512.639256239 -0.036277115 -0.173477441 0 0 0 0 0
1487389512.680384398 -0.050952714 -0.113612354 0 0 0 0 0
1487389512.721375942 -0.047934942 -0.080516696 0 0 0 0 0
1487389512.766311646 -0.014090170 -0.120077565 0 0 0 0 0
1487389512.803257704 -0.063894905 -0.126961425 0 0 0 0 0
1487389512.844224930 -0.055799562 -0.063239597 0 0 0 0 0
1487389512.885291100 -0.024998700 -0.115358688 0 0 0 0 0
1487389512.889470339 -0.017150952 -0.092757538 0 0 0 0 0
1487389512.926393270 0.004920633 -0.145558745 0 0 0 0 0
1487389512.967098475 0.013169262 -0.138918266 0 0 0 0 0
1487389513.008190870 0.019679068 -0.133386984 0 0 0 0 0
1487389513.049435377 0.004199861 -0.075642586 0 0 0 0 0
1487389513.090174913 0.022017762 -0.073435336 0 0 0 0 0
1487389513.131141186 0.003695055 -0.083954260 0 0 0 0 0
1487389513.172326326 -0.026832666 -0.081515424 0 0 0 0 0
1487389513.213328838 -0.009051259 -0.028932339 0 0 0 0 0
1487389513.254281282 -0.019270549 -0.005858382 0 0 0 0 0
1487389513.295233488 0.002480150 -0.035238586 0 0 0 0 0
1487389513.295268774 -0.043984212 -0.013461923 0 0 0 0 0
1487389513.336280107 0.029085482 -0.037717689 0 0 0 0 0
1487389513.377036810 -0.008527735 -0.015697660 0 0 0 0 0
1487389513.418120146 0.018374672 -0.037468903 0 0 0 0 0
1487389513.459242344 -0.012440881 0.015843179 0 0 0 0 0
1487389513.500266790 -0.014906052 0.011452036 0 0 0 0 0
1487389513.541248322 -0.016002633 0.035246927 0 0 0 0 0
1487389513.582255840 -0.000406206 0.000036401 0 0 0 0 0
1487389513.623048544 0.018337309 -0.018547442 0 0 0 0 0
1487389513.664174318 -0.013914675 -0.018071916 0 0 0 0 0
1487389513.705282450 -0.000684620 0.005516025 0 0 0 0 0
1487389513.746187449 0.012121253 -0.022104381 0 0 0 0 0
1487389513.787127972 -0.004169042 0.000804667 0 0 0 0 0
1487389513.787466288 -0.011280931 -0.014025373 0 0 0 0 0
1487389513.828256845 0.016444787 -0.003842587 0 0 0 0 0
1487389513.869256258 -0.010314476 -0.018226610 0 0 0 0 0
1487389513.910260439 0.000994587 -0.011480216 0 0 0 0 0
1487389513.955355167 -0.018139308 0.012397727 0 0 0 0 0
1487389513.992250443 0.003438797 -0.028515447 0 0 0 0 0
1487389514.033293486 -0.029998159 -0.000511823 0 0 0 0 0
1487389514.074338198 0.025591772 -0.103241965 0 0 0 0 0
1487389514.119301081 -0.048929766 -0.144352227 0 0 0 0 0
1487389514.156298399 -0.007049359 -0.176982909 0 0 0 0 0
1487389514.197188139 -0.015847484 -0.257730305 0 0 0 0 0
1487389514.238051176 -0.025590202 -0.301467240 0 0 0 0 0
1487389514.281165361 -0.018870391 -0.338369280 0 0 0 0 0
1487389514.320208311 -0.054458201 -0.338209212 0 0 0 0 0
1487389514.320472479 -0.017609097 -0.388124287 0 0 0 0 0
1487389514.361526012 -0.033871472 -0.370261818 0 0 0 0 0
1487389514.406363964 0.011830425 -0.401284933 0 0 0 0 0
1487389514.443257570 -0.099040374 -0.373299539 0 0 0 0 0
1487389514.484166622 -0.022208571 -0.400059551 0 0 0 0 0
1487389514.525336504 -0.027119089 -0.387078345 0 0 0 0 0
1487389514.570319891 -0.037215263 -0.443286568 0 0 0 0 0
1487389514.607333899 -0.013465108 -0.466382802 0 0 0 0 0
1487389514.648504019 -0.007737425 -0.448648870 0 0 0 0 0
1487389514.689439535 -0.002529835 -0.470372826 0 0 0 0 0
1487389514.693476439 0.016866494 -0.450949281 0 0 0 0 0
1487389514.730218887 -0.054193951 -0.480121613 0 0 0 0 0
1487389514.771127701 -0.058393575 -0.484133899 0 0 0 0 0
1487389514.812118053 -0.052129228 -0.435524791 0 0 0 0 0
1487389514.857322931 -0.110827170 -0.440779924 0 0 0 0 0
1487389514.894066095 -0.078786708 -0.431697696 0 0 0 0 0
1487389514.935259581 -0.069004789 -0.409562051 0 0 0 0 0
1487389514.976108074 -0.113307640 -0.399059325 0 0 0 0 0
1487389515.021391630 -0.084824905 -0.357385784 0 0 0 0 0
1487389515.058104992 -0.105896428 -0.382900178 0 0 0 0 0
1487389515.099167585 -0.088392146 -0.356134623 0 0 0 0 0
1487389515.140275478 -0.071519896 -0.258860052 0 0 0 0 0
1487389515.144461155 -0.036592852 -0.304897606 0 0 0 0 0
1487389515.181183815 -0.096859477 -0.276964873 0 0 0 0 0
1487389515.222335815 -0.109661773 -0.303676665 0 0 0 0 0
1487389515.263252735 -0.101459779 -0.222274467 0 0 0 0 0
1487389515.349224806 -0.155542180 -0.231011465 0 0 0 0 0
1487389515.349262476 -0.177390590 -0.190545708 0 0 0 0 0
1487389515.386245966 -0.111096062 -0.172143355 0 0 0 0 0
1487389515.427303791 -0.214649469 -0.216606259 0 0 0 0 0
1487389515.472456932 -0.167693347 -0.165600255 0 0 0 0 0
1487389515.509292364 -0.231126279 -0.182097390 0 0 0 0 0
1487389515.550437927 -0.290085584 -0.136112258 0 0 0 0 0
1487389515.591488361 -0.250388294 -0.159397945 0 0 0 0 0
1487389515.632027149 -0.301643312 -0.098040447 0 0 0 0 0
1487389515.673439264 -0.274996221 -0.113798544 0 0 0 0 0
1487389515.714316130 -0.358681470 -0.087492719 0 0 0 0 0
1487389515.714358330 -0.331114441 -0.023748621 0 0 0 0 0
1487389515.761349678 -0.346059024 -0.052337460 0 0 0 0 0
1487389515.796386003 -0.390675455 -0.023431968 0 0 0 0 0
1487389515.837124825 -0.444844812 -0.013427282 0 0 0 0 0
1487389515.878035784 -0.416004568 -0.002577001 0 0 0 0 0
1487389515.923398733 -0.487034321 -0.019230571 0 0 0 0 0
1487389515.960121870 -0.490529209 -0.023714025 0 0 0 0 0
1487389516.001311064 -0.511626601 -0.015937064 0 0 0 0 0
1487389516.042285204 -0.490748167 -0.040370587 0 0 0 0 0
1487389516.083247900 -0.571262956 -0.014944768 0 0 0 0 0
1487389516.124248028 -0.454744726 -0.014991865 0 0 0 0 0
1487389516.165271997 -0.491693348 0.002645086 0 0 0 0 0
1487389516.206203461 -0.585072875 0.025890028 0 0 0 0 0
1487389516.248790503 -0.555268109 0.058909088 0 0 0 0 0
1487389516.288153172 -0.525239170 -0.025242332 0 0 0 0 0
1487389516.329223871 -0.628007770 -0.017864093 0 0 0 0 0
1487389516.370577574 -0.634362042 0.009377582 0 0 0 0 0
1487389516.411499262 -0.515327215 0.023092022 0 0 0 0 0
1487389516.452168941 -0.652919888 -0.001601833 0 0 0 0 0
1487389516.495615721 -0.638946116 -0.016303688 0 0 0 0 0
1487389516.534157276 -0.673820972 0.028571945 0 0 0 0 0
1487389516.575131178 -0.468530178 0.021625187 0 0 0 0 0
1487389516.616103888 -0.570752144 0.028546140 0 0 0 0 0
1487389516.616224051 -0.527152300 -0.007205749 0 0 0 0 0
1487389516.661382675 -0.665160537 0.038648743 0 0 0 0 0
1487389516.698022842 -0.591938913 0.039648589 0 0 0 0 0
1487389516.739086151 -0.562801182 0.040852636 0 0 0 0 0
1487389516.780182838 -0.406407684 0.008299808 0 0 0 0 0
1487389516.825391293 -0.486209691 0.086603180 0 0 0 0 0
1487389516.863209486 -0.559914708 0.034317054 0 0 0 0 0
1487389516.903368473 -0.549081683 0.091685392 0 0 0 0 0
1487389516.948281050 -0.589432001 0.117028788 0 0 0 0 0
1487389516.985199690 -0.608737886 0.148265406 0 0 0 0 0
1487389517.026261806 -0.509118438 0.128431037 0 0 0 0 0
1487389517.067239046 -0.567777932 0.144850522 0 0 0 0 0
1487389517.112379551 -0.590749145 0.115786597 0 0 0 0 0
1487389517.149274349 -0.440406144 0.092853978 0 0 0 0 0
1487389517.190180540 -0.483428389 0.135450006 0 0 0 0 0
1487389517.316203356 -0.666340232 0.091067895 0 0 0 0 0
1487389517.316348076 -0.601033330 0.124460973 0 0 0 0 0
1487389517.354042530 -0.632573247 0.070542373 0 0 0 0 0
1487389517.399326324 -0.658185363 0.064408436 0 0 0 0 0
1487389517.436149120 -0.650793433 0.096308388 0 0 0 0 0
1487389517.477338552 -0.609741151 0.089382537 0 0 0 0 0
1487389517.518173456 -0.692645788 0.105937742 0 0 0 0 0
1487389517.600175619 -0.616998553 0.056414522 0 0 0 0 0
1487389517.641315460 -0.697500587 0.113353655 0 0 0 0 0
1487389517.682305336 -0.496827424 0.040964995 0 0 0 0 0
1487389517.727325201 -0.530535817 0.060994901 0 0 0 0 0
1487389517.764220238 -0.565789461 0.096048191 0 0 0 0 0
1487389517.805279732 -0.377160043 0.068216845 0 0 0 0 0
1487389517.846377611 -0.473870814 0.020773470 0 0 0 0 0
1487389517.886941910 -0.416545957 -0.013099465 0 0 0 0 0
1487389517.928363323 -0.517504454 0.076231256 0 0 0 0 0
1487389517.928403139 -0.474311918 0.066763908 0 0 0 0 0
1487389517.969303370 -0.425579131 0.057751827 0 0 0 0 0
1487389518.014395952 -0.562237144 0.045277596 0 0 0 0 0
1487389518.051229954 -0.473598659 0.071708694 0 0 0 0 0
1487389518.092240572 -0.538382113 0.096926354 0 0 0 0 0
1487389518.133306742 -0.484102398 0.061733447 0 0 0 0 0
1487389518.215456247 -0.290116489 0.024083868 0 0 0 0 0
1487389518.215498447 -0.359242350 0.080615833 0 0 0 0 0
1487389518.256270409 -0.323690057 0.096670292 0 0 0 0 0
1487389518.297224522 -0.232010037 0.105180643 0 0 0 0 0
1487389518.338139534 -0.313029379 0.175556943 0 0 0 0 0
1487389518.379244566 -0.232259467 0.155277237 0 0 0 0 0
1487389518.420528173 -0.259736985 0.152154356 0 0 0 0 0
1487389518.420577765 -0.198296323 0.089900360 0 0 0 0 0
1487389518.465271473 -0.267668396 0.160008579 0 0 0 0 0
1487389518.502110004 -0.150558621 0.156826779 0 0 0 0 0
1487389518.543280840 -0.245812684 0.183413237 0 0 0 0 0
1487389518.584393024 -0.290367186 0.154815555 0 0 0 0 0
1487389518.627341270 -0.121203974 0.096370198 0 0 0 0 0
1487389518.666405678 -0.280743450 0.161103964 0 0 0 0 0
1487389518.707195282 -0.256959379 0.238330722 0 0 0 0 0
1487389518.748467207 -0.358470291 0.292393714 0 0 0 0 0
1487389518.789513350 -0.173939511 0.150159538 0 0 0 0 0
1487389518.830185413 -0.214817673 0.243434832 0 0 0 0 0
1487389518.830217123 -0.101041242 0.218022585 0 0 0 0 0
1487389518.871007442 -0.075018682 0.332732797 0 0 0 0 0
1487389518.916267395 -0.175005898 0.276569754 0 0 0 0 0
1487389518.953170538 0.047007013 0.221283913 0 0 0 0 0
1487389518.994193316 -0.064482495 0.331581771 0 0 0 0 0
1487389519.035233736 0.024680443 0.353991568 0 0 0 0 0
1487389519.076405287 0.080528602 0.478269160 0 0 0 0 0
1487389519.117104530 -0.005990802 0.370510310 0 0 0 0 0
1487389519.158356667 -0.002357248 0.409850121 0 0 0 0 0
1487389519.199271441 0.037676018 0.345166743 0 0 0 0 0
1487389519.242824078 -0.072725460 0.595031679 0 0 0 0 0
1487389519.243123770 -0.116349362 0.461301744 0 0 0 0 0
1487389519.281346083 -0.101501502 0.397113591 0 0 0 0 0
1487389519.322250843 -0.039042659 0.602751851 0 0 0 0 0
1487389519.367610931 -0.006032467 0.681197166 0 0 0 0 0
1487389519.404468775 -0.030529594 0.511532664 0 0 0 0 0
1487389519.445101500 -0.035142858 0.557666659 0 0 0 0 0
1487389519.486262560 -0.061282836 0.703257084 0 0 0 0 0
1487389519.527264833 0.067571409 0.555694938 0 0 0 0 0
1487389519.568318367 0.007212269 0.603880525 0 0 0 0 0
1487389519.609138012 -0.107743122 0.462241173 0 0 0 0 0
1487389519.650075912 0.080586754 0.590494037 0 0 0 0 0
1487389519.654418945 0.022351006 0.599236786 0 0 0 0 0
1487389519.691139460 0.035163026 0.576964021 0 0 0 0 0
1487389519.732083321 0.003270426 0.543493867 0 0 0 0 0
1487389519.773081303 -0.075977460 0.441894233 0 0 0 0 0
1487389519.818298101 -0.080132239 0.582331657 0 0 0 0 0
1487389519.855189562 -0.042541794 0.575760603 0 0 0 0 0
1487389519.896108866 0.011390683 0.604481399 0 0 0 0 0
1487389519.937046289 0.090040430 0.463414907 0 0 0 0 0
1487389519.978084087 -0.050863814 0.735018730 0 0 0 0 0
1487389520.019137859 0.072554223 0.593915582 0 0 0 0 0
1487389520.060171843 0.097311132 0.600399137 0 0 0 0 0
1487389520.060209513 0.006171909 0.544147789 0 0 0 0 0
1487389520.105272532 0.028217059 0.662568033 0 0 0 0 0
1487389520.142399073 -0.015194627 0.761502862 0 0 0 0 0
1487389520.183171034 0.037819207 0.739405990 0 0 0 0 0
1487389520.224252939 0.120266877 0.600648165 0 0 0 0 0
1487389520.269437551 0.010320359 0.685689449 0 0 0 0 0
1487389520.306246996 0.090475306 0.589284658 0 0 0 0 0
1487389520.347123861 0.066057399 0.429464519 0 0 0 0 0
1487389520.387970448 -0.068629846 0.636373937 0 0 0 0 0
1487389520.429334402 0.026010504 0.636815131 0 0 0 0 0
1487389520.470234871 0.023599718 0.655311227 0 0 0 0 0
1487389520.470272303 -0.006585238 0.550165296 0 0 0 0 0
1487389520.511161089 0.064657666 0.540582240 0 0 0 0 0
1487389520.556316614 0.000295499 0.528272688 0 0 0 0 0
1487389520.593118906 0.026966682 0.609409511 0 0 0 0 0
1487389520.634123325 0.071019843 0.481457233 0 0 0 0 0
1487389520.675440073 0.034205556 0.577904403 0 0 0 0 0
1487389520.720239162 0.079032347 0.520393312 0 0 0 0 0
1487389520.757271767 0.011592315 0.565491080 0 0 0 0 0
1487389520.798092365 0.077716984 0.551183820 0 0 0 0 0
1487389520.839109182 0.071292445 0.525369287 0 0 0 0 0
1487389520.880127668 0.035923537 0.580982089 0 0 0 0 0
1487389520.921120882 0.023768282 0.598536074 0 0 0 0 0
1487389520.961908817 -0.009583514 0.444309056 0 0 0 0 0
1487389520.961927652 0.059010722 0.530898631 0 0 0 0 0
1487389521.007324934 0.062525317 0.456967264 0 0 0 0 0
1487389521.044205427 0.015733507 0.473607242 0 0 0 0 0
1487389521.085122347 -0.002837920 0.460755199 0 0 0 0 0
1487389521.126219034 0.029322710 0.397054136 0 0 0 0 0
1487389521.209819317 0.106000341 0.381664068 0 0 0 0 0
1487389521.209856033 -0.013517132 0.375218153 0 0 0 0 0
1487389521.249151945 0.021388760 0.310188830 0 0 0 0 0
1487389521.290066004 0.029810432 0.315517604 0 0 0 0 0
1487389521.331327677 0.002528322 0.376346797 0 0 0 0 0
1487389521.371965408 0.002331206 0.345273793 0 0 0 0 0
1487389521.413221121 -0.018533174 0.329534233 0 0 0 0 0
1487389521.454339981 -0.056645136 0.371610671 0 0 0 0 0
1487389521.458359003 0.016421381 0.334145695 0 0 0 0 0
1487389521.495041370 0.070989236 0.353151143 0 0 0 0 0
1487389521.536327362 0.014151166 0.311367214 0 0 0 0 0
1487389521.577168226 0.079511888 0.272961229 0 0 0 0 0
1487389521.622494698 -0.031491157 0.290339470 0 0 0 0 0
1487389521.659417391 0.007053885 0.264196396 0 0 0 0 0
1487389521.700193882 0.017160187 0.235804409 0 0 0 0 0
1487389521.741340399 -0.006503657 0.266801625 0 0 0 0 0
1487389521.782211304 0.041874267 0.266335875 0 0 0 0 0
1487389521.823187113 -0.059940867 0.210404783 0 0 0 0 0
1487389521.864126682 -0.020365225 0.224911734 0 0 0 0 0
1487389521.905168056 0.008643603 0.173035964 0 0 0 0 0
1487389521.946193457 0.005807371 0.169218764 0 0 0 0 0
1487389521.946232080 0.018249631 0.107257366 0 0 0 0 0
1487389521.986964464 -0.017153732 0.137063831 0 0 0 0 0
1487389522.073255062 -0.019660305 0.131156504 0 0 0 0 0
1487389522.110220194 0.021768682 0.080685571 0 0 0 0 0
1487389522.151211500 -0.010564143 0.071202412 0 0 0 0 0
1487389522.192065001 0.000016575 0.043189824 0 0 0 0 0
1487389522.237104654 -0.002668448 0.107579090 0 0 0 0 0
1487389522.274135351 0.001967140 0.081623875 0 0 0 0 0
1487389522.315136909 0.011554924 0.135920078 0 0 0 0 0
1487389522.356407881 0.023356382 0.135539919 0 0 0 0 0
1487389522.397475481 -0.003612731 0.128537789 0 0 0 0 0
1487389522.438238144 0.010443613 0.145360604 0 0 0 0 0
1487389522.479135990 0.077203304 0.147591993 0 0 0 0 0
1487389522.524275303 0.018562952 0.125611007 0 0 0 0 0
1487389522.561126947 0.014091882 0.111577749 0 0 0 0 0
1487389522.602090120 0.052450228 0.084029749 0 0 0 0 0
1487389522.643418789 0.023255151 0.031647895 0 0 0 0 0
1487389522.684322119 0.093041524 0.042604901 0 0 0 0 0
1487389522.725272894 0.079431579 -0.006551816 0 0 0 0 0
1487389522.766143799 0.167175904 0.006209505 0 0 0 0 0
1487389522.807269096 0.175705224 -0.006453288 0 0 0 0 0
1487389522.848027706 0.179827929 -0.020711150 0 0 0 0 0
1487389522.889310122 0.208546966 -0.049796369 0 0 0 0 0
1487389522.930242062 0.289315760 -0.036951706 0 0 0 0 0
1487389522.975404263 0.281042755 -0.070740625 0 0 0 0 0
1487389523.011917591 0.292692155 -0.050158255 0 0 0 0 0
1487389523.053287268 0.400729358 -0.026220193 0 0 0 0 0
1487389523.094180107 0.428332031 -0.035707884 0 0 0 0 0
1487389523.136099815 0.532198429 -0.068761416 0 0 0 0 0
1487389523.176277161 0.415836513 -0.070763662 0 0 0 0 0
1487389523.217117071 0.475658178 -0.107834481 0 0 0 0 0
1487389523.258417130 0.518497527 -0.086665712 0 0 0 0 0
1487389523.299221754 0.498035580 -0.050304633 0 0 0 0 0
1487389523.340083361 0.685368299 -0.110883951 0 0 0 0 0
1487389523.381428242 0.538843453 -0.092351064 0 0 0 0 0
1487389523.381478548 0.404531896 -0.040597387 0 0 0 0 0
1487389523.426318645 0.541121602 -0.105709329 0 0 0 0 0
1487389523.463087559 0.473116934 -0.030485485 0 0 0 0 0
1487389523.504622936 0.551822662 -0.099561021 0 0 0 0 0
1487389523.545213223 0.499098450 -0.075553060 0 0 0 0 0
1487389523.586204290 0.442952961 -0.047415249 0 0 0 0 0
1487389523.627069235 0.504354835 -0.060408644 0 0 0 0 0
1487389523.668110371 0.479423374 -0.058703959 0 0 0 0 0
1487389523.713280201 0.601817966 -0.110767230 0 0 0 0 0
1487389523.750267267 0.464630991 -0.004277941 0 0 0 0 0
1487389523.791369200 0.449843824 -0.076282561 0 0 0 0 0
1487389523.832208633 0.385834038 -0.013639472 0 0 0 0 0
1487389523.877308846 0.394620538 -0.000606418 0 0 0 0 0
1487389523.914294481 0.453154385 0.001466110 0 0 0 0 0
1487389523.914353132 0.480724901 -0.033038344 0 0 0 0 0
1487389523.955298424 0.522487223 -0.000987485 0 0 0 0 0
1487389524.000303507 0.454629838 -0.022017814 0 0 0 0 0
1487389524.036959410 0.391919494 0.009727405 0 0 0 0 0
1487389524.078125954 0.442319691 -0.024737868 0 0 0 0 0
1487389524.119075298 0.389677614 -0.049666397 0 0 0 0 0
1487389524.203682184 0.477359593 -0.065044448 0 0 0 0 0
1487389524.203714371 0.426732451 -0.040196866 0 0 0 0 0
1487389524.241922617 0.383318037 -0.009815475 0 0 0 0 0
1487389524.283340931 0.510615230 -0.035699084 0 0 0 0 0
1487389524.324709177 0.422130674 -0.006297433 0 0 0 0 0
1487389524.365188360 0.340842128 0.003079442 0 0 0 0 0
1487389524.365351439 0.359503210 -0.007824583 0 0 0 0 0
1487389524.406215906 0.301187605 -0.012240681 0 0 0 0 0
1487389524.451274872 0.397527426 0.006861708 0 0 0 0 0
1487389524.487932920 0.368902475 -0.019579902 0 0 0 0 0
1487389524.615270376 0.336065739 -0.032794833 0 0 0 0 0
1487389524.652430296 0.430324167 -0.022677634 0 0 0 0 0
1487389524.693376780 0.348924696 -0.034557752 0 0 0 0 0
1487389524.734109640 0.257678747 0.004800933 0 0 0 0 0
1487389524.775995255 0.283007741 -0.030492503 0 0 0 0 0
1487389524.776027679 0.252089560 -0.033233605 0 0 0 0 0
1487389524.816036701 0.310746312 0.000837686 0 0 0 0 0
1487389524.857221127 0.261098772 0.007020708 0 0 0 0 0
1487389524.902411461 0.268501341 0.034732044 0 0 0 0 0
1487389524.939168692 0.247893661 0.006251765 0 0 0 0 0
1487389524.980031967 0.285415709 -0.002766761 0 0 0 0 0
1487389525.021250486 0.259662002 -0.014503268 0 0 0 0 0
1487389525.104137897 0.252009034 0.026983976 0 0 0 0 0
1487389525.104266882 0.213685662 -0.002807736 0 0 0 0 0
1487389525.144186258 0.232403919 -0.040253520 0 0 0 0 0
1487389525.185350895 0.162883982 -0.031171942 0 0 0 0 0
1487389525.185421705 0.148936778 -0.007379971 0 0 0 0 0
1487389525.226043701 0.139730364 0.021401664 0 0 0 0 0
1487389525.267347336 0.106637046 -0.037338544 0 0 0 0 0
1487389525.308104515 0.091670714 0.007639226 0 0 0 0 0
1487389525.349051476 0.074999586 -0.013896950 0 0 0 0 0
1487389525.390290499 0.038747497 0.007645580 0 0 0 0 0
1487389525.431004286 0.000700614 0.063075326 0 0 0 0 0
1487389525.472045660 -0.004873653 0.002444586 0 0 0 0 0
1487389525.513299465 0.002950794 -0.002861993 0 0 0 0 0
1487389525.554221392 0.005015096 -0.004394547 0 0 0 0 0
1487389525.595192194 -0.044642851 0.046812452 0 0 0 0 0
1487389525.595411539 0.020591205 -0.060560681 0 0 0 0 0
1487389525.636512518 -0.010598840 -0.021139923 0 0 0 0 0
1487389525.677178860 0.023861434 -0.072132193 0 0 0 0 0
1487389525.718133450 -0.031331394 0.022769915 0 0 0 0 0
1487389525.759469748 -0.029481417 0.014766837 0 0 0 0 0
1487389525.800205708 -0.027175296 -0.038749415 0 0 0 0 0
1487389525.841149807 -0.041534048 0.004262899 0 0 0 0 0
1487389525.882234097 -0.022878032 0.004115145 0 0 0 0 0
1487389525.923417568 -0.031907275 0.035996575 0 0 0 0 0
1487389525.964395523 -0.006976994 -0.038810708 0 0 0 0 0
1487389526.005455971 -0.016653860 -0.017887961 0 0 0 0 0
1487389526.005508900 -0.012802276 -0.011533578 0 0 0 0 0
1487389526.046159506 -0.049824890 0.034609377 0 0 0 0 0
1487389526.086873055 -0.037529577 0.006770618 0 0 0 0 0
1487389526.130515337 -0.026371732 -0.047191516 0 0 0 0 0
1487389526.169012070 -0.023092322 -0.017602149 0 0 0 0 0
1487389526.210120440 -0.000697080 0.024898382 0 0 0 0 0
1487389526.250997543 -0.037342012 0.055323351 0 0 0 0 0
1487389526.292208195 0.008926803 -0.055322669 0 0 0 0 0
1487389526.333099127 -0.057311248 0.005795416 0 0 0 0 0
1487389526.374270916 -0.024870928 0.024297843 0 0 0 0 0
1487389526.374311209 -0.017304968 0.020073773 0 0 0 0 0
1487389526.419225931 -0.022429502 -0.005437071 0 0 0 0 0
1487389526.456226826 -0.017327856 -0.020040374 0 0 0 0 0
1487389526.497096539 -0.029557696 0.007627793 0 0 0 0 0
1487389526.538027048 -0.048540492 0.003467178 0 0 0 0 0
1487389526.578987837 -0.017997172 0.013165345 0 0 0 0 0
